Problem
status = Optimal
bread = 73.128492
cheese = 0.0
oatmilk = 78.733706
tuna = 0.0
yogurt = 0.0
Objective = $91.45
